15 0.468354 0.554332 0.329114 0.127753
15 0.119198 0.519090 0.213080 0.192364
15 0.190928 0.605727 0.204641 0.124816
15 0.286920 0.737885 0.248945 0.145374
15 0.363924 0.908957 0.284810 0.170338
15 0.614979 0.801028 0.217300 0.124816
15 0.888186 0.798825 0.223629 0.082232
15 0.432489 0.340675 0.286920 0.176211
15 0.667722 0.474302 0.191983 0.146843
15 0.876582 0.547724 0.196203 0.123348
15 0.152954 0.147577 0.175105 0.142438
15 0.624473 0.160059 0.324895 0.199706
15 0.727848 0.330396 0.329114 0.149780
15 0.142405 0.364905 0.280591 0.098385
15 0.866034 0.708517 0.170886 0.083700
15 0.604430 0.945668 0.272152 0.108664
15 0.911392 0.922173 0.177215 0.155653
15 0.033755 0.881057 0.063291 0.158590
15 0.086498 0.954479 0.168776 0.091043
15 0.062236 0.698238 0.120253 0.180617
15 0.112869 0.825257 0.128692 0.155653
15 0.083333 0.245962 0.162447 0.116006
15 0.894515 0.243025 0.210970 0.180617
15 0.362869 0.187959 0.253165 0.167401
15 0.474684 0.223935 0.164557 0.116006
