17 0.200422 0.881579 0.177215 0.236842
17 0.940928 0.778195 0.101266 0.443609
17 0.619198 0.592105 0.208861 0.454887
17 0.488397 0.597744 0.090717 0.203008
17 0.420886 0.842105 0.086498 0.315789
17 0.353376 0.915414 0.132911 0.169173
17 0.800633 0.819549 0.158228 0.210526
17 0.506329 0.236842 0.240506 0.466165
17 0.353376 0.345865 0.078059 0.285714
17 0.257384 0.308271 0.122363 0.285714
17 0.810127 0.176692 0.080169 0.255639
17 0.894515 0.385338 0.189873 0.327068
17 0.905063 0.250000 0.135021 0.124060
17 0.301688 0.592105 0.261603 0.266917
17 0.073840 0.430451 0.101266 0.184211
17 0.071730 0.898496 0.075949 0.203008
17 0.659283 0.881579 0.094937 0.236842
