17 0.103376 0.122302 0.181435 0.230216
17 0.319620 0.895683 0.204641 0.208633
17 0.796414 0.266187 0.141350 0.503597
17 0.281646 0.607914 0.217300 0.366906
17 0.439873 0.370504 0.208861 0.366906
17 0.756329 0.730216 0.128692 0.424460
17 0.087553 0.906475 0.094937 0.187050
17 0.051688 0.553957 0.061181 0.330935
17 0.268987 0.320144 0.090717 0.323741
17 0.928270 0.654676 0.109705 0.201439
17 0.810127 0.874101 0.101266 0.251799
17 0.624473 0.694245 0.164557 0.323741
17 0.493671 0.697842 0.126582 0.302158
