17 0.60865 0.896901 0.276371 0.108462 0.250288
17 0.199367 0.324791 0.191983 0.0846246 0.261372
17 0.871308 0.517282 0.257384 0.169249 0.272041
17 0.273207 0.522646 0.187764 0.103695 0.284814
17 0.390295 0.719309 0.28692 0.0870083 0.309812
17 0.350211 0.884386 0.303797 0.154946 0.317326
17 0.119198 0.318832 0.191983 0.0870083 0.329543
17 0.0822785 0.213945 0.164557 0.129917 0.333649
17 0.583333 0.558403 0.398734 0.151371 0.363062
17 0.14346 0.109058 0.227848 0.110846 0.375503
17 0.675106 0.215137 0.303797 0.239571 0.396737
17 0.522152 0.0804529 0.225738 0.0917759 0.39943
17 0.638186 0.949344 0.411392 0.101311 0.408204
17 0.0991561 0.519666 0.198312 0.178784 0.416075
17 0.125527 0.898689 0.200422 0.128725 0.428735
17 0.419831 0.296782 0.219409 0.166865 0.452866
17 0.35443 0.417163 0.303797 0.11919 0.476716
17 0.110759 0.674613 0.221519 0.135876 0.567738
17 0.739451 0.700834 0.322785 0.135876 0.569008
17 0.382911 0.693683 0.411392 0.126341 0.746874
